ongericht
228
2453
0 25 6
0 30 6
0 35 4
0 71 6
0 73 8
0 75 6
0 113 8
0 129 4
0 134 6
0 135 4
0 141 6
0 152 6
0 167 6
0 171 6
0 172 6
0 179 4
0 185 6
0 193 4
0 198 6
0 201 6
0 207 4
0 215 6
0 220 8
1 13 6
1 22 4
1 40 4
1 46 6
1 54 4
1 57 6
1 66 6
1 67 4
1 70 4
1 87 6
1 94 6
1 107 6
1 132 6
1 149 6
1 156 6
1 173 6
1 186 6
1 205 6
1 209 6
1 226 6
2 17 0
2 34 4
2 60 2
2 74 6
2 102 6
2 106 8
2 109 6
2 112 6
2 122 6
2 134 4
2 219 6
3 20 4
3 30 6
3 39 4
3 42 4
3 45 6
3 59 6
3 64 6
3 78 8
3 87 4
3 90 6
3 102 4
3 131 6
3 133 6
3 136 6
3 138 6
3 142 6
3 153 6
3 163 6
3 188 6
3 198 6
3 205 6
3 210 6
3 215 6
3 219 6
4 5 2
4 8 4
4 10 2
4 20 4
4 40 4
4 45 2
4 78 4
4 101 2
4 127 4
4 129 4
4 150 6
4 151 6
4 154 4
4 190 4
4 192 4
4 220 6
5 17 4
5 64 6
5 78 4
5 82 4
5 85 4
5 87 4
5 88 6
5 98 2
5 152 8
5 184 6
5 191 6
5 204 6
5 206 4
5 209 4
5 211 4
5 219 6
5 226 6
6 50 6
6 53 4
6 57 6
6 64 8
6 79 4
6 81 4
6 94 6
6 96 4
6 97 4
6 106 4
6 126 6
6 134 6
6 141 8
6 143 4
6 146 6
6 179 6
6 199 6
6 211 6
6 221 4
6 222 6
7 36 6
7 41 4
7 45 4
7 55 4
7 56 8
7 69 4
7 87 6
7 95 6
7 118 6
7 121 6
7 126 2
7 137 6
7 142 8
7 154 8
7 167 8
7 172 8
7 179 8
7 182 6
7 193 8
7 200 6
7 207 6
7 221 6
8 14 4
8 16 4
8 24 4
8 28 4
8 30 4
8 48 4
8 68 4
8 84 4
8 121 6
8 122 6
8 126 6
8 134 4
8 137 6
8 138 6
8 140 6
8 149 6
8 156 6
8 169 6
8 187 6
8 190 6
8 195 6
8 196 6
8 202 6
8 206 6
8 213 6
8 214 6
8 216 8
9 13 4
9 14 6
9 18 6
9 32 6
9 39 6
9 46 4
9 51 6
9 70 6
9 77 6
9 87 6
9 99 8
9 109 6
9 114 8
9 136 6
9 148 8
9 156 4
9 162 6
9 167 8
9 175 6
9 182 6
9 191 6
9 196 8
9 206 6
9 211 8
9 215 6
9 225 6
9 226 8
10 27 4
10 48 2
10 70 4
10 81 6
10 94 6
10 110 4
10 111 6
10 116 6
10 118 8
10 177 4
10 179 6
10 192 4
10 202 6
10 210 4
11 18 4
11 25 4
11 29 4
11 32 4
11 62 6
11 70 4
11 81 6
11 110 4
11 128 6
11 138 6
11 140 6
11 153 8
11 154 2
11 157 4
11 158 4
11 162 4
11 163 6
11 165 8
11 166 6
11 169 4
11 170 4
11 188 4
11 195 6
11 197 8
12 27 4
12 44 4
12 56 6
12 57 6
12 71 4
12 72 4
12 81 4
12 101 4
12 113 6
12 140 6
12 142 6
12 176 6
12 178 8
12 183 4
12 184 6
12 206 6
12 207 6
13 17 6
13 19 4
13 23 6
13 47 6
13 49 6
13 58 8
13 60 8
13 87 6
13 90 4
13 98 6
13 128 6
13 139 6
13 152 6
13 174 8
13 176 8
13 204 8
13 205 8
13 210 8
14 37 6
14 38 6
14 41 4
14 43 4
14 44 4
14 49 4
14 55 6
14 62 8
14 76 6
14 94 6
14 106 8
14 114 8
14 137 4
14 142 4
14 166 6
14 187 6
14 207 6
14 211 6
15 39 6
15 48 2
15 52 4
15 54 4
15 57 6
15 59 6
15 86 6
15 92 4
15 104 4
15 106 6
15 143 4
15 145 8
15 147 4
15 158 6
15 186 4
15 188 4
15 213 4
16 39 6
16 59 6
16 81 2
16 88 8
16 94 6
16 99 6
16 109 4
16 116 6
16 117 4
16 124 4
16 126 6
16 133 6
16 135 6
16 136 4
16 142 2
16 146 6
16 157 6
16 176 6
16 184 4
16 189 4
16 208 4
16 210 4
17 31 2
17 36 4
17 71 6
17 75 6
17 89 4
17 91 8
17 102 6
17 111 4
17 115 6
17 116 6
17 128 4
17 155 6
17 169 4
17 170 6
17 175 8
17 190 6
17 193 6
17 205 6
17 212 6
17 224 6
18 28 4
18 71 4
18 77 4
18 80 4
18 88 4
18 124 4
18 129 4
18 148 4
18 149 4
18 154 6
18 166 6
18 175 6
18 213 4
18 221 8
19 32 6
19 41 4
19 42 4
19 43 4
19 54 6
19 55 4
19 65 6
19 78 6
19 106 4
19 108 2
19 113 4
19 121 6
19 145 4
19 149 4
19 188 6
19 192 6
19 201 6
19 209 6
20 29 2
20 34 4
20 36 4
20 52 4
20 77 6
20 79 6
20 91 8
20 93 6
20 104 6
20 105 6
20 109 6
20 113 6
20 122 6
20 127 8
20 128 4
20 150 6
20 158 6
20 162 6
20 175 8
20 188 6
20 196 4
21 24 2
21 36 2
21 45 4
21 46 4
21 47 4
21 60 2
21 68 4
21 73 6
21 74 6
21 77 6
21 97 6
21 106 6
21 113 6
21 123 6
21 127 6
21 134 4
21 142 4
21 143 6
21 152 6
21 157 4
21 163 4
21 168 6
21 182 4
21 200 6
21 212 4
21 215 6
21 222 4
22 23 2
22 26 2
22 32 4
22 50 4
22 54 4
22 65 4
22 67 4
22 96 4
22 109 4
22 122 6
22 144 4
22 164 4
22 180 2
22 188 4
22 206 4
22 213 4
22 226 4
23 27 4
23 29 4
23 63 6
23 66 4
23 71 6
23 72 6
23 112 6
23 135 6
23 175 8
23 189 2
23 190 6
23 199 8
23 216 6
24 27 4
24 37 4
24 51 2
24 53 2
24 62 8
24 66 2
24 74 6
24 109 6
24 115 4
24 117 6
24 118 6
24 136 6
24 138 4
24 143 8
24 175 8
24 178 8
24 187 4
24 197 6
24 207 6
24 219 4
25 27 6
25 30 6
25 36 4
25 38 4
25 43 4
25 45 6
25 48 4
25 54 4
25 58 6
25 60 4
25 73 6
25 74 8
25 95 8
25 102 6
25 113 6
25 119 6
25 126 6
25 143 6
25 167 8
25 185 4
25 197 6
25 199 6
25 213 6
25 225 4
25 226 4
26 28 4
26 38 6
26 50 4
26 54 4
26 58 6
26 67 4
26 72 6
26 105 6
26 107 6
26 113 6
26 119 6
26 159 4
26 160 4
26 166 4
26 174 8
26 181 6
26 182 6
26 183 6
26 203 6
26 214 6
26 216 6
26 220 6
26 224 6
27 43 4
27 53 4
27 59 6
27 63 4
27 65 4
27 69 6
27 81 6
27 96 6
27 97 6
27 98 6
27 112 4
27 119 6
27 139 6
27 155 4
27 185 6
27 192 6
27 224 6
28 41 4
28 53 4
28 57 6
28 65 6
28 117 6
28 138 6
28 140 6
28 156 6
28 157 4
28 162 6
28 174 8
28 182 4
28 192 6
28 223 4
29 55 6
29 61 6
29 62 6
29 71 6
29 87 6
29 99 4
29 117 6
29 121 6
29 126 6
29 134 6
29 141 4
29 149 6
29 152 6
29 168 6
29 174 8
29 175 6
29 178 8
29 181 8
29 187 6
29 190 6
29 206 6
30 38 6
30 40 4
30 44 4
30 46 6
30 50 4
30 65 6
30 82 6
30 95 2
30 123 6
30 132 4
30 149 6
30 154 6
30 162 6
30 178 8
30 190 6
30 194 6
30 200 8
30 207 6
30 213 6
30 222 6
31 35 4
31 46 6
31 55 4
31 60 4
31 73 6
31 78 6
31 84 4
31 91 8
31 93 6
31 96 6
31 99 6
31 116 6
31 117 6
31 129 4
31 141 6
31 150 6
31 151 6
31 161 6
31 174 8
31 178 8
31 195 4
32 47 4
32 51 6
32 74 6
32 96 6
32 106 8
32 108 8
32 139 6
32 142 6
32 161 6
32 163 6
32 175 8
32 182 6
32 220 8
33 36 2
33 37 4
33 61 4
33 67 4
33 75 6
33 80 6
33 96 4
33 112 6
33 113 6
33 126 6
33 134 6
33 137 6
33 146 2
33 149 4
33 168 8
33 226 6
34 36 4
34 39 2
34 63 8
34 70 4
34 92 4
34 97 6
34 107 4
34 119 4
34 127 4
34 136 6
34 140 6
34 147 2
34 160 8
34 164 6
34 201 6
34 213 4
35 39 4
35 41 4
35 64 6
35 75 4
35 79 4
35 93 4
35 99 4
35 105 2
35 156 4
35 157 4
35 171 4
35 176 4
35 177 4
35 181 4
35 205 4
35 217 6
36 45 4
36 63 6
36 68 4
36 70 4
36 71 4
36 76 6
36 80 4
36 89 6
36 95 6
36 122 6
36 126 6
36 138 4
36 143 4
36 158 6
36 161 4
36 170 4
36 174 6
36 175 8
36 177 4
36 211 6
36 218 4
37 38 2
37 44 2
37 49 4
37 57 4
37 60 4
37 90 8
37 94 8
37 108 2
37 111 6
37 131 6
37 149 2
37 168 6
37 170 6
37 186 4
37 189 2
37 192 6
38 44 2
38 46 4
38 53 4
38 56 6
38 69 4
38 103 6
38 104 6
38 110 6
38 152 4
38 155 6
38 159 4
38 176 6
38 184 6
38 194 6
38 196 6
38 211 6
39 52 6
39 60 6
39 67 2
39 73 4
39 77 6
39 112 4
39 137 4
39 174 6
39 191 8
39 194 6
39 200 6
39 206 8
39 209 6
39 225 6
40 43 4
40 51 6
40 62 6
40 67 6
40 70 2
40 93 4
40 156 6
40 160 6
40 161 6
40 162 4
40 183 6
40 186 6
40 204 8
40 205 6
40 206 6
40 214 4
40 215 6
40 221 8
41 53 4
41 60 4
41 89 4
41 101 6
41 108 6
41 112 4
41 119 6
41 139 6
41 146 4
41 167 6
41 189 4
41 201 2
41 203 6
41 214 4
41 222 4
42 43 4
42 46 4
42 74 4
42 85 6
42 95 6
42 104 4
42 105 4
42 107 2
42 111 6
42 113 8
42 116 6
42 126 4
42 137 6
42 154 4
42 155 6
42 160 6
42 167 6
42 170 2
42 181 4
42 197 6
42 201 4
42 210 4
42 217 6
43 57 4
43 71 6
43 98 4
43 124 6
43 126 6
43 132 6
43 143 6
43 163 4
43 214 6
43 219 6
43 224 6
44 46 4
44 100 4
44 107 4
44 126 6
44 127 4
44 136 2
44 154 4
44 160 6
44 166 6
44 170 4
44 182 4
44 184 4
44 199 6
44 201 4
44 204 4
44 207 2
44 208 2
44 212 4
44 216 8
44 219 4
45 55 6
45 57 6
45 58 8
45 101 4
45 111 4
45 126 4
45 132 6
45 140 6
45 145 6
45 149 6
45 150 8
45 159 6
45 161 4
45 166 6
45 167 6
45 189 6
45 192 6
45 197 8
45 211 6
45 212 2
45 221 8
46 57 6
46 67 4
46 71 2
46 72 6
46 78 6
46 82 6
46 85 6
46 87 4
46 93 6
46 95 6
46 102 4
46 103 4
46 114 6
46 129 6
46 131 6
46 136 6
46 137 6
46 147 4
46 155 8
46 158 6
46 160 8
46 169 6
46 217 6
46 220 6
47 53 4
47 58 8
47 76 6
47 79 6
47 81 6
47 90 6
47 112 6
47 127 8
47 129 6
47 136 6
47 171 6
47 208 6
47 215 4
47 224 6
48 54 4
48 71 4
48 74 6
48 76 6
48 83 6
48 85 6
48 100 4
48 105 4
48 112 6
48 136 4
48 142 6
48 144 4
48 154 4
48 156 4
48 173 4
48 179 6
48 183 4
48 186 4
48 199 6
48 201 6
48 203 4
48 206 4
48 208 4
48 211 6
49 64 6
49 70 4
49 91 6
49 103 6
49 128 6
49 147 4
49 149 4
49 158 6
49 173 4
49 184 4
49 189 4
49 195 6
49 226 6
50 71 6
50 87 6
50 112 6
50 113 8
50 116 4
50 129 6
50 133 6
50 134 6
50 144 6
50 147 6
50 156 6
50 189 6
50 206 6
50 210 6
50 217 4
51 60 6
51 164 6
51 187 6
51 203 8
51 215 8
52 56 6
52 60 6
52 67 6
52 68 4
52 70 4
52 73 6
52 79 6
52 83 6
52 95 6
52 101 6
52 121 6
52 136 6
52 141 6
52 174 8
52 176 6
52 184 6
52 189 6
52 191 6
52 202 6
52 208 6
52 216 8
53 60 4
53 87 4
53 100 2
53 106 6
53 107 4
53 113 8
53 141 6
53 156 4
53 161 4
53 181 6
53 191 4
53 209 4
54 60 6
54 61 4
54 70 2
54 71 4
54 108 8
54 146 6
54 161 6
54 163 4
54 188 6
54 192 6
54 200 6
54 201 4
54 207 4
54 209 4
54 220 6
54 224 4
55 65 6
55 70 6
55 106 6
55 111 8
55 134 6
55 162 6
55 173 6
55 175 8
55 178 6
55 182 6
55 190 6
55 193 4
55 196 8
55 219 4
55 224 4
56 60 2
56 68 4
56 74 6
56 79 6
56 80 6
56 84 6
56 86 6
56 92 4
56 93 6
56 104 4
56 112 6
56 125 8
56 137 6
56 179 6
56 193 4
56 204 4
56 209 4
56 214 6
56 218 4
57 62 8
57 64 6
57 69 6
57 72 8
57 107 8
57 144 8
57 150 4
57 152 8
57 155 6
57 165 6
57 171 6
57 172 6
57 174 8
57 191 6
57 204 6
57 224 8
58 60 4
58 61 4
58 62 6
58 120 8
58 128 6
58 146 4
58 152 8
58 160 8
58 167 8
58 181 6
58 182 8
58 199 8
58 220 6
59 63 4
59 66 6
59 69 6
59 73 6
59 105 4
59 115 4
59 116 4
59 121 4
59 130 6
59 135 6
59 139 6
59 161 2
59 180 4
59 190 6
59 212 4
60 95 6
60 98 4
60 120 6
60 128 4
60 138 4
60 143 6
60 147 2
60 155 6
60 157 4
60 173 4
60 188 4
60 196 6
60 210 4
60 215 4
61 72 4
61 81 6
61 97 6
61 125 6
61 151 4
61 178 4
61 217 4
61 218 6
62 73 6
62 79 8
62 91 4
62 92 4
62 100 6
62 112 6
62 122 8
62 125 6
62 130 6
62 167 8
62 181 4
62 211 8
62 221 6
62 223 8
63 70 6
63 74 6
63 75 6
63 90 2
63 96 6
63 138 6
63 141 6
63 147 6
63 171 6
63 174 8
63 191 2
63 192 4
63 198 6
63 201 6
63 213 6
63 214 6
63 218 6
64 87 4
64 116 6
64 117 6
64 135 6
64 153 6
64 154 4
64 167 4
64 174 8
64 179 6
64 195 4
64 213 6
64 222 4
65 66 4
65 70 4
65 100 4
65 122 6
65 123 6
65 133 2
65 158 6
65 175 6
65 179 4
65 180 4
65 193 4
65 212 4
66 69 8
66 74 6
66 86 6
66 89 2
66 103 6
66 118 6
66 119 6
66 120 6
66 124 4
66 132 6
66 138 4
66 139 6
66 184 6
66 194 4
66 202 4
66 209 6
66 211 2
66 214 6
67 74 6
67 76 4
67 80 6
67 83 4
67 102 4
67 105 6
67 107 6
67 133 8
67 144 8
67 145 2
67 146 4
67 155 6
67 156 6
67 159 8
67 177 6
67 197 6
67 209 8
67 215 6
67 217 6
68 71 4
68 76 4
68 88 6
68 98 4
68 100 4
68 101 2
68 105 4
68 120 4
68 126 4
68 132 6
68 136 6
68 137 4
68 142 6
68 146 4
68 169 6
68 180 4
68 183 4
69 73 6
69 77 6
69 80 6
69 104 4
69 140 8
69 145 6
69 147 4
69 164 8
69 207 6
69 209 6
69 211 8
69 223 6
70 76 4
70 78 2
70 81 4
70 87 4
70 95 4
70 103 6
70 115 4
70 130 6
70 137 4
70 142 6
70 146 6
70 153 8
70 176 6
70 181 4
70 184 6
70 190 6
70 191 6
70 200 6
70 203 6
70 207 4
70 210 6
70 213 4
70 223 4
71 76 6
71 84 6
71 88 6
71 119 4
71 146 6
71 147 4
71 164 8
71 176 6
71 177 6
71 183 4
71 192 6
71 194 6
71 195 4
71 199 4
71 201 6
71 210 6
71 218 6
72 73 6
72 97 4
72 101 2
72 105 4
72 115 4
72 127 6
72 132 6
72 133 6
72 136 6
72 137 4
72 150 8
72 158 8
72 166 4
72 187 6
72 191 4
72 192 6
72 201 6
72 207 6
72 211 6
72 216 6
72 220 6
72 225 6
73 92 4
73 94 6
73 97 6
73 101 6
73 103 4
73 134 6
73 146 6
73 164 6
73 183 6
73 211 6
73 215 8
73 226 6
74 75 2
74 87 4
74 89 4
74 96 4
74 103 4
74 108 6
74 113 6
74 117 4
74 120 2
74 123 2
74 163 4
74 165 8
74 177 6
74 180 4
74 185 6
74 208 6
74 210 6
74 213 4
74 221 8
75 85 4
75 88 6
75 116 4
75 136 4
75 143 6
75 152 8
75 164 4
75 166 6
75 167 6
75 184 6
75 185 6
75 213 4
75 222 4
76 78 2
76 90 4
76 98 4
76 117 4
76 127 6
76 134 2
76 150 6
76 151 6
76 158 6
76 163 4
76 177 6
76 180 2
76 182 4
76 192 6
76 212 4
76 221 8
77 80 4
77 105 4
77 107 4
77 113 6
77 117 4
77 126 4
77 132 4
77 135 6
77 138 6
77 142 6
77 153 6
77 178 8
77 179 8
77 188 4
77 190 4
77 207 6
78 91 6
78 98 4
78 113 6
78 139 6
78 145 6
78 184 6
78 211 6
78 213 4
78 217 6
78 218 6
79 101 4
79 120 4
79 121 2
79 125 6
79 137 4
79 144 4
79 147 4
79 154 6
79 171 4
79 189 4
79 212 4
79 216 8
79 222 4
79 225 6
80 83 4
80 155 6
80 158 8
80 159 6
80 164 6
80 185 6
80 191 6
80 197 8
80 206 6
81 94 4
81 96 4
81 104 4
81 108 4
81 123 4
81 125 6
81 127 4
81 134 4
81 143 4
81 156 6
81 161 4
81 182 4
81 189 4
81 195 4
81 210 4
81 213 4
82 97 4
82 99 4
82 109 4
82 116 4
82 135 6
82 148 4
82 150 6
82 164 4
82 185 4
82 195 2
82 209 6
82 220 4
83 90 4
83 102 6
83 109 4
83 126 4
83 128 4
83 134 4
83 180 2
83 189 4
83 192 6
83 214 4
83 218 6
83 219 6
84 104 4
84 122 4
84 143 6
84 158 4
84 165 6
84 169 4
84 175 6
84 195 2
84 205 6
84 224 6
84 226 4
85 100 4
85 112 2
85 113 4
85 118 4
85 137 0
85 155 4
85 172 2
85 192 6
85 195 2
85 212 4
86 93 6
86 102 4
86 123 6
86 125 4
86 159 6
86 205 6
86 217 6
86 218 6
86 223 6
86 225 6
86 226 6
87 95 4
87 102 4
87 116 4
87 136 4
87 150 4
87 152 6
87 154 4
87 157 4
87 196 6
87 198 4
87 204 4
87 206 4
87 216 6
87 222 2
87 225 4
88 110 4
88 115 4
88 123 4
88 126 4
88 128 6
88 162 6
88 185 4
88 186 6
88 202 6
88 204 6
88 216 6
89 97 4
89 109 4
89 121 4
89 128 4
89 136 6
89 164 4
89 168 4
89 172 4
89 187 4
89 190 6
89 192 6
89 204 6
89 222 0
90 95 4
90 109 4
90 111 4
90 115 4
90 120 4
90 127 6
90 130 4
90 133 6
90 141 6
90 186 4
90 197 8
90 198 6
90 206 6
90 208 6
90 213 4
90 217 4
91 133 6
91 141 8
91 146 6
91 147 4
91 155 6
91 158 2
91 159 4
91 219 6
91 222 6
92 98 2
92 125 4
92 136 4
92 140 6
92 146 4
92 160 4
92 167 6
92 187 4
92 207 4
92 215 6
92 223 4
92 226 6
93 94 4
93 103 6
93 109 4
93 114 6
93 115 4
93 120 2
93 127 6
93 158 6
93 183 4
93 205 6
93 209 4
93 215 6
94 96 2
94 101 4
94 128 6
94 151 6
94 165 8
94 169 6
94 172 6
94 183 4
94 193 6
94 197 8
95 100 4
95 106 6
95 133 6
95 148 4
95 152 8
95 164 4
95 167 4
95 168 6
95 170 6
95 175 4
95 186 6
95 198 6
95 215 6
95 217 6
95 220 6
95 224 6
96 99 2
96 132 2
96 156 4
96 157 2
96 194 6
96 201 6
96 207 4
96 221 6
96 225 6
97 101 4
97 102 6
97 113 4
97 114 4
97 119 4
97 123 4
97 164 2
97 175 6
97 182 2
97 186 6
97 193 4
97 197 8
97 217 6
98 101 2
98 123 4
98 125 6
98 133 4
98 165 8
98 177 4
98 198 6
98 199 6
99 102 6
99 113 6
99 127 4
99 131 8
99 137 4
99 143 8
99 151 6
99 156 6
99 157 4
99 164 4
99 169 6
99 177 4
99 178 8
99 181 6
99 186 6
99 196 4
99 202 6
99 209 6
99 222 2
100 104 2
100 105 2
100 110 0
100 112 4
100 126 2
100 130 6
100 145 6
100 150 4
100 157 4
100 167 6
100 186 4
100 188 4
100 192 4
100 208 4
100 210 4
100 220 4
101 113 4
101 116 4
101 117 4
101 120 4
101 140 6
101 146 2
101 153 6
101 167 6
101 175 6
101 179 6
101 183 2
101 188 4
101 194 4
101 211 6
101 213 2
102 105 4
102 113 4
102 114 6
102 136 6
102 148 8
102 177 4
102 183 2
102 188 6
102 194 6
102 199 6
102 210 6
102 217 8
103 107 4
103 122 6
103 124 6
103 146 4
103 166 8
103 168 4
103 179 6
103 180 2
103 191 6
103 195 4
103 222 4
104 111 4
104 112 4
104 141 6
104 151 6
104 152 6
104 167 6
104 174 6
104 178 6
104 201 6
104 210 4
104 218 4
105 128 4
105 131 6
105 140 4
105 148 6
105 149 4
105 177 4
105 178 6
105 200 6
105 210 4
105 215 6
105 219 4
106 113 6
106 119 4
106 160 8
106 181 2
106 190 4
106 191 4
106 212 4
106 214 4
106 221 6
107 135 4
107 146 4
107 147 2
107 149 4
107 176 4
107 180 2
107 190 4
107 201 4
107 215 6
107 218 4
108 118 4
108 122 6
108 130 6
108 136 4
108 156 4
108 163 6
108 164 4
108 173 6
108 179 6
108 180 2
108 186 4
108 189 2
108 191 6
108 193 4
108 201 4
108 206 4
108 213 4
108 216 6
108 217 6
108 226 6
109 113 4
109 127 2
109 134 4
109 152 6
109 157 4
109 164 4
109 185 4
109 188 4
109 214 4
110 111 4
110 112 4
110 118 6
110 124 2
110 135 4
110 147 2
110 149 4
110 152 6
110 178 6
110 198 6
110 206 4
110 212 2
110 218 4
111 123 4
111 127 6
111 128 4
111 137 2
111 138 4
111 146 4
111 148 4
111 160 6
111 176 6
111 177 6
111 185 4
111 190 4
111 193 4
111 199 8
111 200 8
111 208 6
111 211 4
111 215 6
111 216 6
111 226 4
112 114 6
112 115 4
112 120 2
112 127 6
112 129 6
112 141 2
112 148 6
112 158 8
112 196 2
112 220 6
113 119 6
113 122 6
113 132 8
113 139 8
113 142 4
113 163 6
113 174 8
113 197 6
113 215 6
113 224 8
114 115 2
114 127 2
114 158 6
114 197 6
114 211 2
114 218 8
114 225 4
115 123 2
115 144 4
115 153 8
115 154 6
115 159 6
115 177 6
115 206 4
115 208 4
115 221 4
115 225 4
116 118 4
116 123 4
116 144 6
116 165 8
116 169 6
116 173 6
116 184 6
116 209 6
116 222 4
117 127 6
117 129 6
117 134 6
117 171 4
117 176 6
117 189 6
117 193 6
117 194 6
117 201 6
117 205 6
117 217 4
117 220 6
118 120 4
118 126 6
118 128 6
118 135 8
118 163 6
118 169 6
118 179 8
118 180 4
118 192 8
118 193 8
118 201 6
118 210 8
119 137 4
119 149 4
119 166 6
119 178 4
119 184 4
119 218 2
119 223 4
120 153 8
120 175 4
120 187 6
120 219 4
120 226 4
121 141 6
121 153 8
121 163 6
121 169 6
121 174 8
121 177 6
121 182 4
121 184 6
121 206 4
121 209 4
121 215 4
121 224 6
122 127 4
122 131 8
122 132 6
122 140 6
122 141 6
122 143 8
122 145 6
122 146 6
122 147 4
122 155 8
122 170 6
122 175 6
122 176 6
122 185 6
122 190 6
122 201 6
122 208 6
122 212 2
122 219 2
123 137 4
123 155 8
123 160 4
123 192 6
123 193 6
123 211 4
124 143 6
124 158 8
124 159 6
124 168 6
124 174 8
124 175 6
124 192 6
124 196 4
124 203 6
124 204 8
124 208 6
124 224 2
125 128 6
125 131 8
125 137 4
125 144 8
125 153 6
125 181 4
125 189 6
125 190 8
125 192 8
125 199 6
125 206 8
126 128 6
126 149 6
126 152 6
126 154 6
126 185 6
126 187 6
126 200 6
126 209 4
126 222 2
127 130 8
127 137 6
127 139 6
127 148 8
127 153 8
127 160 6
127 167 8
127 175 6
127 176 6
127 179 6
127 181 4
127 197 8
128 143 6
128 145 6
128 177 6
128 179 8
128 196 4
128 201 4
128 207 6
128 221 8
129 145 6
129 155 6
129 175 8
129 194 6
129 199 6
129 208 4
129 222 4
130 139 6
130 151 4
130 161 6
130 172 4
130 180 4
130 187 4
130 195 4
130 197 6
130 208 6
130 212 6
130 220 6
131 148 8
131 157 6
131 190 6
131 196 8
131 209 6
132 134 4
132 148 6
132 160 6
132 191 4
132 193 4
132 196 4
132 216 8
132 222 6
133 135 4
133 144 4
133 145 8
133 158 6
133 166 6
133 169 4
133 182 4
133 198 4
133 201 4
133 209 2
134 135 6
134 142 2
134 152 8
134 177 6
134 193 4
134 198 4
134 205 4
134 214 6
134 221 6
135 150 6
135 176 2
135 181 6
135 191 4
135 205 4
135 221 6
136 143 4
136 147 4
136 160 6
136 168 8
136 181 6
136 188 4
136 191 4
136 205 2
136 209 2
137 139 4
137 143 6
137 167 6
137 180 2
137 186 4
137 194 6
137 196 4
137 198 4
137 201 4
137 207 6
137 219 6
138 147 4
138 153 8
138 160 6
138 182 6
138 184 4
138 185 6
138 189 4
138 193 6
138 200 8
138 210 6
138 214 6
138 226 4
139 141 4
139 143 4
139 153 8
139 158 6
139 164 6
139 190 4
139 199 6
139 209 4
139 211 6
139 218 2
140 149 4
140 156 4
140 186 4
140 187 4
140 204 6
140 207 4
140 213 6
140 218 6
141 160 6
141 165 8
141 177 4
141 225 6
142 143 4
142 144 2
142 149 2
142 184 4
142 185 6
142 201 2
142 202 2
142 205 4
142 213 6
142 225 4
143 146 6
143 152 6
143 155 6
143 156 6
143 159 6
143 171 8
143 173 6
143 179 6
143 189 4
143 203 4
143 206 4
143 220 8
143 221 4
144 147 4
144 148 6
144 155 6
144 163 6
144 185 6
144 186 4
144 188 4
144 189 2
144 209 2
144 213 4
144 214 6
144 216 8
144 221 4
145 151 6
145 175 4
145 179 8
145 201 6
145 208 8
145 213 6
146 148 4
146 172 4
146 177 2
146 213 4
147 150 4
147 164 4
147 176 4
147 182 2
147 188 4
147 207 4
147 219 4
147 226 4
148 156 4
148 159 6
148 178 8
148 190 6
148 203 6
148 205 6
148 208 6
149 158 4
149 159 4
149 167 6
149 170 4
149 175 8
149 178 6
149 192 4
149 196 6
149 197 6
149 201 2
149 205 2
149 210 2
149 226 4
150 152 6
150 190 4
150 198 6
150 204 4
150 210 6
150 213 6
150 217 6
151 157 4
151 160 4
151 189 6
151 191 6
151 194 4
151 195 4
151 203 6
151 207 4
151 208 6
151 213 6
151 218 6
152 165 6
152 168 6
152 172 8
152 210 6
152 222 8
153 177 6
153 178 6
153 188 6
153 190 8
153 191 6
153 192 8
153 212 8
153 214 8
153 225 6
153 226 8
154 161 4
154 171 6
154 180 4
154 196 6
154 217 4
154 219 4
154 221 6
155 161 8
155 166 6
155 175 4
155 178 6
155 184 6
155 196 4
155 212 8
155 224 6
156 158 2
156 174 6
156 179 6
156 181 4
156 188 2
156 194 6
157 159 2
157 162 4
157 173 4
157 175 6
157 192 4
157 215 6
158 159 4
158 187 4
158 197 6
158 211 6
159 163 4
159 174 4
159 179 6
159 187 4
159 207 2
159 209 2
159 212 4
160 175 6
160 191 6
160 217 4
161 182 0
161 192 4
161 206 4
161 211 6
161 218 4
162 174 4
162 180 2
162 196 4
162 214 2
163 175 6
163 193 6
163 195 2
163 200 6
163 208 6
163 209 4
163 210 6
163 212 6
163 213 6
163 219 6
164 165 6
164 173 6
164 184 4
164 188 6
164 191 6
164 205 2
164 207 4
164 217 4
164 222 4
165 179 8
165 183 8
165 190 8
165 193 8
165 196 8
165 197 6
166 167 4
166 179 8
166 182 6
166 183 6
166 187 6
166 194 4
166 197 8
166 199 6
166 201 6
166 217 4
167 189 6
167 190 6
167 195 6
167 197 8
167 202 6
167 205 4
167 225 6
168 187 6
168 196 8
168 206 8
168 213 6
168 214 6
168 226 6
169 172 4
169 181 4
169 185 4
169 191 4
169 212 4
170 180 4
170 197 6
170 218 4
170 219 4
171 188 6
171 200 8
171 208 6
171 211 4
172 189 4
172 191 6
172 201 4
172 210 6
172 215 6
173 174 2
173 182 4
173 183 4
173 186 4
173 194 6
173 206 4
173 212 4
173 216 8
173 219 4
174 187 4
174 188 6
174 189 6
174 196 6
174 199 4
174 222 8
175 201 6
175 208 8
175 216 8
176 185 6
176 204 6
176 210 4
176 217 6
176 226 6
177 178 4
177 201 6
177 205 2
177 208 4
177 210 4
177 211 6
177 214 6
177 217 6
177 225 6
178 200 2
178 201 6
179 182 6
179 188 6
179 208 6
180 185 2
180 207 4
180 210 4
180 214 4
180 222 2
180 224 4
180 226 4
181 190 6
181 198 4
181 208 6
181 216 6
182 194 6
182 207 4
182 208 4
182 217 6
183 190 4
183 213 2
183 214 4
183 221 6
183 225 6
184 216 8
184 217 6
184 224 2
185 186 2
185 192 6
185 193 6
185 216 6
185 221 6
186 187 2
186 188 2
186 195 4
186 207 4
186 211 4
186 213 4
186 219 4
187 197 6
187 202 4
187 205 4
188 192 2
188 210 4
188 225 4
189 194 6
190 208 4
190 211 6
191 194 4
191 195 6
191 196 6
191 201 6
191 215 4
191 219 4
191 220 8
191 222 6
192 193 2
192 207 4
192 209 4
193 203 2
194 195 4
194 196 4
194 213 6
195 196 4
195 208 6
195 217 4
195 223 4
196 227 6
197 207 6
197 210 6
197 211 6
197 217 6
198 211 4
198 219 6
199 206 6
199 210 6
199 218 6
200 210 6
200 224 6
201 209 2
201 220 6
201 223 6
202 213 6
203 206 2
203 225 6
204 205 4
204 213 6
204 214 8
204 217 6
204 220 6
204 222 6
205 206 2
205 216 8
205 220 8
206 217 6
207 227 2
208 227 2
209 221 4
210 223 6
211 215 6
211 219 4
211 220 4
211 224 4
212 227 4
213 214 2
213 224 4
214 216 6
214 218 4
214 223 4
215 217 4
215 220 8
215 223 6
216 227 8
217 227 6
218 227 4
219 227 2
220 223 4
221 222 6
221 225 6
222 227 4
223 227 4
224 227 2
225 227 4
226 227 4
